28.1121,36.3293,29.4486,36.2299,36.3084,27.1836,33.3193,30.7454,27.2486,35.6898,28.3023,34.4149,36.1121,32.1317,38.5204,31.5615,30.0991,35.5261,34.4978,33.9079,41.7105,40.1728,40.6953,36.2342,32.534,40.753,43.6766,40.6874,32.3973,37.5158,44.2263,34.2962,33.8502,41.4931,37.198,38.8984,42.4324,45.5173,45.8172,45.8344,39.4513,41.1374,42.3521,38.8468,41.1352,47.2166,38.3026,49.9033,46.9802,49.8109,43.6625,42.2603,49.1265,47.7338,46.039,46.8042,52.0079,43.246,46.1068,45.1586
33.8521,29.3957,31.5708,31.1028,25.3776,31.4809,36.1373,32.8189,37.5624,31.6066,35.3645,34.9452,38.5599,36.8803,38.5829,31.8456,32.358,31.984,35.6291,35.851,30.4303,35.6409,33.5137,34.9342,35.8212,35.5492,36.5261,35.8597,35.5282,42.8287,40.8326,39.7685,39.1554,43.7347,36.4371,43.822,39.3814,41.5543,39.4323,36.2012,40.5088,38.638,39.1037,41.9803,42.6664,43.1847,39.2537,42.7773,43.7083,46.995,42.2052,44.2995,42.6413,46.78,46.5499,42.4782,46.4594,43.2089,51.5067,41.9907
28.4257,26.9938,26.9668,30.847,35.515,34.0646,33.1163,27.1808,37.2714,36.2559,29.6748,36.6051,35.1412,39.0806,36.7262,39.4162,32.78,35.5054,33.4954,37.0514,34.0591,31.4759,39.7085,32.1267,32.2649,37.7158,33.4,41.8694,43.5012,37.201,37.9621,37.0262,38.7755,39.9923,43.3845,41.2662,44.3841,42.2948,46.3428,42.4979,36.4419,37.5313,42.5587,47.3838,43.5715,40.6887,39.4836,38.767,47.4946,45.1023,43.0655,46.9664,47.4131,41.3982,50.551,46.5232,46.3846,41.8187,51.2098,45.7781
25.9048,32.5737,32.12,28.5292,26.0055,26.1566,34.0539,27.642,37.1081,32.7321,38.3824,31.2005,37.9664,31.0614,32.8455,33.17,36.7454,32.4716,38.4409,40.271,38.7913,34.6562,38.9426,32.2304,41.0263,39.992,41.7743,33.366,41.3157,40.9748,32.9557,44.683,45.1334,37.83,40.0901,36.9142,45.8312,39.036,42.0486,42.4791,45.0785,37.6194,47.6069,41.3996,41.6385,46.32,45.6012,40.1456,43.0164,40.0902,40.5583,50.4796,40.1837,45.4554,44.8229,42.3763,48.0405,44.7052,48.6185,47.3797
24.3217,33.0434,26.387,32.605,30.6259,25.6265,29.8207,37.5495,27.2731,27.9082,32.2644,38.2297,31.721,29.6619,40.2461,33.3738,34.959,30.2166,36.6064,41.729,36.8269,36.2858,36.65,37.3854,36.9861,36.4116,33.9599,35.6302,43.5881,42.6446,33.2811,37.9087,35.3365,43.4145,36.9935,43.8325,35.2567,42.4375,38.1842,43.3817,39.3385,39.6461,43.2657,40.8055,42.5956,44.7639,44.7883,47.4322,50.1073,39.6678,39.5953,46.7721,50.8566,40.3297,49.0613,49.6054,46.4916,42.1157,44.0376,49.9189
24.3456,30.8076,24.7986,35.3768,26.9198,30.5077,27.8785,29.284,29.5573,38.7845,33.4534,32.1855,37.3762,39.186,40.0274,38.6795,30.0653,39.7461,31.7761,41.3206,32.2706,37.8164,37.4266,41.9964,32.8358,41.2309,44.1993,40.8592,43.5767,43.9011,36.4305,36.2811,40.7584,40.4456,37.4125,39.2149,43.8438,38.1216,39.0122,39.1647,38.5927,42.3586,46.5682,45.4791,47.2092,46.3618,39.3906,44.9108,40.5828,49.2203,50.2986,47.2805,43.4531,48.7537,44.1947,48.1568,43.3129,45.567,51.7966,44.3003
25.9184,33.6631,27.4047,36.2824,26.6228,32.8814,35.8457,30.87,33.2648,31.9928,30.9717,35.9902,30.7413,32.2926,38.6581,35.1516,35.5343,41.1937,40.5702,41.5534,31.1792,32.6776,34.1609,33.9128,41.9528,34.5784,37.0363,35.1162,42.8199,33.2403,37.5747,39.26,35.4234,41.8602,44.0871,40.1466,36.2934,47.1174,41.8765,47.303,42.3306,48.0469,46.5807,41.764,44.631,46.1473,39.0932,46.4729,47.4142,44.2526,42.6435,46.953,42.7895,45.5254,43.0982,45.3975,42.5138,49.9307,49.1692,43.9974
32.4012,34.5121,28.8378,33.4046,26.9644,29.2071,34.1624,29.3236,33.5701,26.9176,29.2003,36.1302,30.2,38.0071,35.6305,29.0294,36.6992,40.2198,38.462,39.5571,40.8879,33.3897,33.9913,37.2776,36.0959,36.6402,33.6926,39.9478,35.1252,35.9684,36.4535,41.8884,39.9547,40.5298,35.7068,42.2173,36.7615,38.919,37.7777,39.4512,43.7018,37.8267,37.6645,45.498,40.3585,46.5711,36.8678,45.7098,46.9679,45.4818,37.4566,42.2507,37.9349,42.3033,48.8509,47.291,41.9752,50.0243,41.5126,42.9404
28.4727,31.5602,30.4749,28.7568,31.2795,29.1168,31.8707,38.4835,28.1968,29.324,39.1605,34.49,38.2186,38.6595,41.0727,32.1245,40.6192,37.3332,36.0434,32.3717,37.5497,33.6537,33.0634,32.8477,40.611,33.627,42.1151,33.9285,35.9172,38.9621,39.5318,35.8804,36.3304,36.2708,44.027,40.8989,46.764,42.503,48.0721,43.8915,39.1861,49.0656,48.6601,49.9823,39.9923,50.0109,42.4674,42.4051,41.3213,44.8619,48.9555,47.0568,43.5372,45.0368,50.492,48.9223,48.7547,46.6409,45.3936,51.0343
32.5478,32.5061,29.5296,27.3467,36.3129,26.8264,29.4301,36.1846,32.9603,29.9999,37.6376,31.695,35.1879,34.2799,40.499,39.1654,32.1929,39.3425,34.9055,38.059,36.8012,38.7487,34.3022,35.7306,34.2872,36.6112,44.2668,39.9184,42.3345,43.6927,39.6138,38.6879,40.349,44.2939,41.1709,42.3476,37.7411,39.5935,47.4305,43.3212,39.3822,38.4589,39.5526,44.7633,45.4976,41.2314,43.5444,49.997,48.7578,43.9353,46.9441,43.2299,45.4969,48.245,54.6543,46.1633,47.8938,44.4914,45.1562,52.3146
33.3222,29.5011,25.4313,36.3573,29.6994,35.817,32.9363,36.3042,37.8753,33.5941,33.9937,30.3275,34.7108,34.2747,29.8171,34.5089,39.136,38.2577,34.1652,40.928,41.0262,39.1869,37.9073,35.2212,34.2669,40.5836,32.8369,40.9529,41.5663,37.0552,33.4452,37.7616,36.6362,38.6821,41.3666,39.4326,36.362,42.6861,35.6102,34.4654,39.9532,43.009,41.5942,39.1876,39.5597,42.0786,37.1896,38.1805,44.0763,47.0829,37.5952,38.0055,39.7954,39.1023,45.0495,45.0886,46.2197,41.8202,48.7685,49.3679
32.3957,32.2213,28.0688,25.886,30.9793,36.8497,26.7479,27.1984,30.0815,37.0796,29.4789,36.6411,37.5669,30.026,36.9319,34.0419,30.0568,30.6748,31.2297,33.9075,39.2913,36.901,34.2637,38.3258,42.2316,41.7982,36.1144,42.6318,41.832,39.542,39.1234,43.0717,33.52,37.2032,35.9991,37.8139,39.766,42.7966,47.1673,42.7434,40.1335,41.9821,47.7816,41.1944,39.3635,42.0016,41.974,45.4776,40.7163,38.8372,42.5553,44.9676,46.7912,46.3435,45.29,42.6728,47.5818,43.3338,44.7413,51.312
31.4318,30.3095,28.1229,36.9115,36.1714,34.0891,29.1051,30.8835,38.2516,35.4753,31.1552,31.3416,29.7808,36.1498,29.0212,36.6111,37.9999,38.1595,36.0045,38.7071,33.2127,32.8299,40.5084,34.8711,34.0653,35.3912,42.0429,41.3847,37.5244,43.8566,37.7133,39.3462,44.6718,35.3403,40.7883,40.8014,38.2953,46.818,38.4677,36.446,39.0032,44.3924,42.6499,37.3629,47.7029,49.2231,44.5479,44.2041,49.3061,43.6927,38.9958,47.9871,41.9282,41.7305,49.6172,52.3466,49.8546,51.4283,43.9403,52.9418
28.5737,31.9801,35.536,30.7435,29.2166,27.1335,34.9329,37.0676,30.8984,33.715,31.9925,28.642,28.1787,35.8786,32.3787,35.8828,34.2594,35.6442,31.4932,38.1146,40.1006,38.6828,34.5627,31.155,41.8052,39.8395,41.4069,32.402,38.8886,35.8485,33.8597,41.8581,44.4166,38.5441,33.9088,43.6956,33.6809,43.8169,41.9056,42.7194,40.8735,37.9112,43.2337,39.8462,41.6295,44.4557,37.1892,37.2161,47.4895,41.1267,47.8348,49.2523,38.1268,38.1232,46.5083,41.8289,49.0871,51.0918,46.5791,40.5788
33.7673,32.8066,25.0208,36.4406,26.2249,32.8785,37.5451,32.3493,26.9596,30.3879,33.4428,35.6373,34.1618,38.8765,37.9955,31.4546,35.7448,29.8644,36.0587,36.0741,40.2894,40.0573,37.0067,41.9414,38.8292,40.8276,34.5988,37.3044,43.7381,33.6241,35.1179,37.6095,44.1691,34.7551,44.3571,35.7986,36.3421,40.1725,42.4115,37.3291,40.3208,42.8285,41.4037,38.9044,44.9903,48.8365,38.5132,44.551,45.5612,44.6729,43.6674,50.2274,43.1184,42.1526,42.3923,42.4613,50.2119,45.1141,49.1241,50.5023
29.6489,33.096,35.7914,36.134,35.4777,31.3674,28.5086,26.3133,29.4857,28.9099,31.5858,33.4674,31.8387,31.5545,39.1221,34.5039,35.65,29.7436,32.0648,31.2191,39.18,35.8005,30.3469,39.7763,36.7882,40.3763,38.5427,38.6562,38.2074,40.3655,41.8373,42.4142,35.2894,43.908,34.6427,41.4042,45.9559,36.3065,46.134,34.9716,46.2074,41.103,36.7349,42.6702,40.2554,43.5537,38.9576,44.2462,43.5323,43.1027,43.5932,45.8035,48.1441,50.2292,40.7608,42.3952,46.3509,41.5778,41.707,50.3943
35.7022,33.598,32.6245,25.9157,36.6984,26.4159,32.696,34.5439,29.3874,36.5092,37.3475,36.5705,32.8711,28.0811,35.2903,30.8271,29.4173,39.835,32.1149,38.5497,39.8368,38.5563,33.7897,40.078,38.1321,38.2958,39.58,39.7118,35.1943,37.2892,40.2604,42.503,41.6319,40.7333,35.5221,45.6441,34.9448,34.4178,42.3861,44.8266,38.217,44.9621,36.3221,37.8975,38.4535,43.365,37.5468,38.2217,44.2621,44.2088,43.5438,43.9774,47.1065,48.9249,44.3354,47.9936,41.4307,41.0734,50.187,46.3896
24.9243,32.8745,31.5197,34.5193,34.9922,35.4305,34.9666,27.5581,35.7397,31.2382,27.7902,32.6381,36.1614,39.8309,34.4529,34.0267,36.8333,36.8996,33.1744,38.2467,32.2014,39.1843,39.6869,34.8872,33.3844,31.5489,38.7227,41.2024,44.1856,34.4332,35.8557,38.3383,37.3177,38.3065,39.0474,46.2477,44.0215,43.1543,37.9602,36.8397,43.0985,37.9139,43.0857,40.7167,39.295,37.5623,48.1818,38.7467,41.1265,48.8762,50.2708,41.963,51.3178,46.4597,50.8545,47.2971,44.6721,46.6612,52.2696,44.0103
24.7267,32.7481,33.0513,27.5392,31.2707,28.4246,28.3125,27.8699,37.919,33.0452,32.5195,28.274,30.1753,31.9852,29.2459,36.3192,32.2506,34.474,40.0221,38.3023,34.8734,32.9619,31.1455,33.6443,37.9994,38.9386,36.3561,35.3748,38.8335,42.1585,40.0035,43.0935,42.248,35.0372,37.7251,36.9207,44.3392,45.4385,35.8543,34.9254,42.14,42.8556,45.5868,45.9469,44.2983,46.2639,37.6888,44.5304,39.4736,45.9538,46.1358,40.5546,41.6554,43.5571,49.5408,45.3775,48.8332,39.1683,47.3902,43.178
27.5209,24.4954,31.073,30.5883,34.1096,29.2369,26.0058,30.209,29.4867,32.6091,29.6593,38.3381,38.5963,36.8248,38.9036,35.7926,30.2259,34.7974,34.2268,40.9726,39.5,41.2546,38.3154,31.8876,36.2942,31.7451,41.8245,37.9889,42.3229,38.101,37.3753,39.6793,43.0327,41.2381,35.808,41.3902,40.6234,42.2241,41.0002,40.33,34.9903,36.7261,37.7775,40.1949,38.249,45.1358,41.4218,36.5087,41.9998,43.823,46.7079,38.653,42.9917,46.0701,45.3095,43.2234,46.3451,45.7822,45.7649,47.8313
30.2515,28.6556,36.289,26.3907,35.7298,35.9366,36.1815,27.9742,28.5137,33.1142,29.3176,32.0442,32.9692,28.5075,29.2677,32.7244,28.3996,36.7392,32.2871,35.1907,35.4984,37.4741,40.326,36.2792,37.6541,32.5134,41.6646,35.9484,38.3093,43.6869,36.7905,33.3523,44.1691,44.3983,34.6876,39.4783,34.8033,40.2907,34.9513,36.0383,45.3628,39.1979,41.2338,44.9372,37.8962,41.6066,37.2036,45.4698,36.9451,44.4959,42.7153,47.9713,48.4778,45.3876,49.0176,49.043,45.3036,39.4619,46.9561,44.7084
24.9629,25.8042,35.4317,30.5089,30.8281,31.3033,28.9987,26.2957,37.861,30.8825,32.9114,33.2148,29.7634,31.9595,35.0306,39.2985,37.1798,36.5934,29.9821,40.2048,32.248,40.454,35.7918,32.9316,33.1925,39.4272,39.4743,42.1764,38.7841,41.2251,35.9001,35.3182,32.2017,37.2572,41.4936,33.2426,35.1166,40.4223,42.524,44.3638,42.4143,35.7788,36.2996,44.8221,46.9924,46.0238,40.8002,41.3438,45.2243,38.4021,38.5252,42.6518,39.9947,43.4411,42.9535,48.1042,40.1929,43.6691,48.8327,47.918
29.9787,26.9214,29.0286,28.0369,28.7972,30.2258,25.9078,32.0277,33.1842,36.5745,28.4837,28.9623,33.5259,31.8056,33.7718,37.8599,32.8174,37.3519,36.6338,35.0328,32.9145,32.6569,41.4258,40.9798,34.0663,42.3135,36.7227,41.2863,39.0765,40.8565,35.7784,35.2097,35.3946,44.0842,38.7009,42.3622,42.7579,39.8416,43.064,48.3103,43.2505,42.9168,43.1707,44.3941,49.8599,47.3046,48.4196,46.327,46.1714,40.1598,48.9578,42.3068,41.2483,43.2303,43.3112,44.0028,44.5329,45.2583,44.1296,46.7487
28.3009,24.3384,28.9174,28.7941,26.2872,25.8074,29.941,26.2462,34.0405,37.2671,30.8945,32.3459,33.0309,28.3692,37.7044,37.9917,30.5435,31.2921,38.4016,35.9718,39.1954,41.259,38.3452,31.106,35.9777,38.6302,43.5809,37.534,44.0964,39.6928,42.338,33.4382,41.6744,41.1512,40.703,42.0472,45.1459,42.1958,46.0451,44.4776,47.3329,45.2579,42.195,37.6585,37.7141,38.8288,42.4828,39.161,49.5987,43.9513,48.0416,39.3147,40.5564,47.2616,45.6188,51.399,44.1778,46.5862,52.7879,43.6861
31.095,25.7183,32.7918,35.6996,34.3013,28.4737,26.5191,33.0348,26.4679,32.9994,34.1489,35.1787,33.4969,36.3077,39.0352,30.5257,28.1664,35.4412,33.1814,39.5194,37.9871,36.3101,40.3647,40.7772,31.4136,41.5934,33.6149,33.6411,32.5186,39.1265,31.7088,32.9728,41.8446,42.3056,39.636,38.6865,45.0843,35.4684,45.4922,40.5561,36.2601,44.2388,39.5804,40.6249,36.2279,39.4041,39.5566,45.4634,45.2105,38.7039,39.2585,46.7003,42.5461,42.9057,45.5542,38.3326,44.5585,50.2142,48.654,41.1103
35.3658,25.4839,31.5284,28.9865,34.3913,34.8206,37.1329,26.5111,35.3009,35.403,35.0674,37.9181,29.8463,33.8361,29.847,30.818,33.3445,31.1797,39.708,36.6664,35.8758,38.4911,33.4345,40.9596,38.3968,42.1902,41.7851,35.5207,35.7605,32.4343,43.7887,36.2159,43.2886,33.2066,40.4265,43.914,40.9193,42.7477,36.3027,40.8147,39.8725,39.6253,40.9837,36.063,37.562,47.3014,39.2464,48.2103,41.629,39.4752,41.9165,38.4426,49.1552,40.0426,46.1958,43.1266,41.5997,43.5265,41.2354,50.3017
26.3572,33.8344,25.0056,26.7152,34.3217,36.284,30.3474,28.5219,30.4632,28.5734,28.953,34.712,34.2319,27.7779,38.1341,34.4141,33.2642,31.4379,33.5027,33.6535,36.4255,34.4207,32.2456,41.6738,32.1113,41.205,33.7198,40.0825,34.19,31.8379,38.8472,40.4779,42.9841,38.3757,38.8901,41.4183,43.5047,37.3786,38.6531,38.5311,36.7977,43.8809,40.7921,43.0078,46.1206,40.2207,44.2468,45.6961,45.6802,40.915,43.6375,38.4651,42.4387,47.2932,46.5458,42.0784,42.1246,48.6845,47.387,47.7001
26.2907,24.5427,35.2732,29.6004,27.9254,36.0729,26.0404,35.11,37.747,37.2857,35.4918,38.297,35.1139,33.7298,29.5949,30.969,32.5292,30.1346,29.8892,39.8643,30.6768,40.4595,36.7131,39.6031,40.415,41.466,37.6244,31.208,41.2433,32.6386,33.7061,42.9042,40.5715,34.364,34.4977,32.5183,43.1379,42.7975,38.4723,37.7992,34.742,38.0543,46.0637,36.5564,42.3345,40.0886,37.9355,43.4449,37.7019,44.1675,37.6905,37.6515,47.6163,46.9035,47.3185,43.7406,45.1569,42.8827,46.7807,44.1602
30.098,25.3814,24.496,36.5562,27.488,32.3672,36.3834,37.4931,36.3818,36.7034,30.205,34.1713,29.2314,30.1079,32.833,30.143,37.6901,37.3713,37.824,39.5028,29.1619,36.9663,40.5268,37.2178,33.251,34.4477,35.9889,33.1025,41.6733,33.3105,35.6813,41.184,41.4957,39.0569,32.7388,35.0849,42.1943,33.6754,43.9274,34.1964,35.2389,44.2449,37.701,38.2374,35.4861,38.3034,45.033,39.2066,46.8282,46.4613,45.7793,44.9218,41.2113,40.3333,47.5935,42.3216,46.1667,38.4624,46.4159,39.2915
34.5495,33.309,26.7687,26.6453,32.0731,29.5723,27.9954,34.1569,27.4287,35.1869,27.5935,30.8282,32.1693,28.2873,34.7375,32.0545,33.7914,35.5775,31.8131,29.5334,30.0625,30.8571,33.6655,31.6138,35.8273,36.4401,31.5274,40.4926,38.5996,41.2806,41.596,40.3437,41.7042,41.522,39.0436,40.3685,38.9061,33.8755,45.5626,42.2881,35.2249,38.9198,42.9272,36.4377,42.1042,44.8891,40.8449,40.3755,41.3049,45.3098,43.7725,43.5092,38.2186,49.0177,40.4141,40.1096,42.5406,43.3859,49.3608,50.3192
29.8729,27.1375,35.5832,29.0283,24.094,35.5057,32.4244,35.6754,28.1738,24.9269,30.5295,35.6732,28.0618,29.0283,32.8074,27.7974,35.003,33.4684,30.1135,33.5418,32.4203,34.5175,42.4794,36.5999,46.1564,35.8974,34.9606,44.3041,39.8883,39.1612,39.007,40.8787,41.8177,41.1406,37.5209,44.9747,39.7569,37.3472,40.7792,41.3521,38.6798,44.8513,39.9739,43.5367,42.7148,43.4937,40.6878,37.0178,46.5633,45.2527,36.7919,41.0131,44.2358,39.4521,43.9645,39.491,44.9607,36.7912,41.2981,43.5466
25.0866,33.6042,27.7344,36.812,26.7692,29.2883,31.4316,33.5368,31.8486,27.342,31.3251,29.1236,37.752,31.0719,36.7494,28.0564,35.8491,33.8484,38.8098,29.0564,35.6494,32.2492,38.6362,38.094,33.2749,37.9128,31.3777,33.6757,38.9015,32.821,39.5781,36.6843,43.2105,35.3478,42.882,33.9724,37.5428,41.299,42.1035,40.3543,40.0002,43.3793,44.4449,36.157,37.6192,37.7106,39.4305,40.9199,37.5259,40.3373,41.1443,48.3568,40.9312,46.4104,49.7314,47.0844,48.6435,39.2195,43.8585,44.7519
31.3987,24.9653,28.7758,28.0515,29.2066,27.7721,37.1089,28.8364,30.3375,32.244,37.5035,26.5441,36.0212,28.4489,36.3764,29.9429,38.1711,28.0999,30.2058,32.966,38.7074,32.1641,38.023,39.0665,32.1428,36.4759,31.9306,30.5072,33.0331,35.117,30.748,37.887,31.35,35.4752,38.285,38.033,41.6004,32.7202,43.2126,40.1186,44.5204,41.8285,38.7962,40.0053,35.3026,38.6383,38.795,46.2453,37.346,40.4335,35.7605,38.2306,42.7972,45.1616,46.5,47.8927,39.6977,47.7654,46.5461,44.9522
29.4393,34.0155,25.0317,33.528,24.9871,27.837,36.5466,36.6776,33.3098,26.5404,27.5141,36.8271,34.3582,28.5865,37.1974,34.8548,36.4987,30.0073,32.1477,32.5218,35.3956,34.9593,32.4768,34.2004,34.3909,38.1912,33.5906,36.4974,41.0361,30.9456,38.125,36.237,32.6198,39.6909,37.5136,33.1047,33.969,44.6429,41.3404,33.3518,35.645,40.1639,42.033,42.8966,40.2011,35.8719,37.1145,44.1907,36.8345,43.9474,44.713,41.4491,47.6899,44.0029,42.0026,48.2771,46.1509,43.1998,39.0435,42.138
34.3622,27.1068,25.2088,30.0992,36.0317,29.542,31.7275,34.4601,37.1769,31.7029,37.4628,31.3253,38.0778,30.9719,37.5592,31.2733,37.0156,32.6973,33.4392,31.7798,30.3118,39.5534,36.1439,32.7719,33.3515,38.1071,29.9292,39.043,32.7229,35.6028,37.8848,33.363,38.3103,37.5503,40.2664,42.4923,37.1751,43.1976,43.7339,39.2653,42.1209,33.6897,40.1529,43.6236,36.7854,42.0456,44.8601,45.429,34.2198,39.0834,37.2724,39.7377,38.757,37.2856,41.8775,38.0284,43.9107,38.4414,40.1264,45.236
25.8974,30.3572,26.7253,31.9482,31.5096,25.3241,32.7738,33.0046,29.6269,29.8805,37.0871,29.2395,27.5392,32.8076,35.3457,33.2183,30.8467,37.8286,33.0274,32.7207,33.4903,40.8691,30.8909,29.7782,34.5049,35.4544,34.3597,32.074,41.2569,34.5786,37.5482,36.1887,36.9847,43.2438,34.9508,36.1548,40.8654,42.2105,35.5956,36.6436,33.8607,37.4821,36.4255,44.0834,35.0005,43.5379,38.0046,39.0922,41.1904,42.8057,47.2735,35.8929,42.9993,42.0785,42.1655,39.5644,46.1136,39.7445,47.3587,42.8935
33.6538,30.231,35.9104,33.0079,28.2796,25.9408,30.4197,30.5101,26.0542,33.0288,33.9807,35.624,29.436,33.1059,32.5294,27.4886,31.4476,33.1724,28.8098,28.9266,32.9121,43.3228,41.8815,34.5243,34.406,38.3856,41.9593,43.9185,44.9551,36.6563,36.476,35.6252,37.5762,41.8404,39.9374,39.6701,44.5056,41.5352,35.1731,36.0534,45.4634,42.6031,37.1862,35.4485,39.9294,42.3567,36.6971,39.4953,35.3982,35.2146,41.8551,43.5164,40.7372,40.1519,45.5195,33.8981,39.4479,44.0374,40.3201,34.6623
35.9695,24.4447,29.3614,29.2175,34.4507,32.9682,35.252,27.7412,31.5882,35.8142,30.5215,34.6732,32.1262,31.7039,34.2866,25.0308,31.9554,35.4874,24.5189,27.421,36.5746,42.0517,35.5325,43.3987,42.8585,41.4307,42.983,40.0283,33.1819,42.42,37.3921,36.1178,36.2001,43.1725,42.6833,43.1214,38.6127,38.4467,35.5262,37.6164,35.9599,43.2044,44.5106,44.3233,37.7519,36.6055,42.9011,44.204,43.857,40.3662,39.963,44.9344,39.1518,34.0349,35.809,43.3836,35.3834,41.4822,40.198,36.9095
28.4533,32.3271,32.2422,29.5131,29.9824,35.5553,28.3684,32.1846,35.3978,31.3088,28.7287,33.4849,32.3678,25.7773,28.952,34.0067,26.5929,33.5694,28.4643,32.0704,27.3013,32.4813,35.314,28.801,33.5194,24.242,29.8447,24.3008,46.4223,38.512,35.8607,37.7353,47.3121,36.24,37.2763,38.2458,41.7799,46.0609,36.3425,39.1499,46.379,41.564,36.5272,46.7616,46.1689,37.5165,41.5739,44.0978,43.1739,36.2441,37.3659,40.7748,40.5585,46.5167,45.0724,41.4244,42.6263,42.9513,39.8854,44.3064
27.9542,24.5607,34.1419,31.0212,30.4197,35.8784,33.0931,29.2971,33.3975,35.8076,35.9798,33.1324,31.1509,30.9629,24.6555,25.6903,29.3067,24.7998,30.0286,25.0638,32.2052,26.9822,33.2668,27.1911,35.1649,35.9802,31.5398,32.742,41.0596,42.8807,38.0172,40.5073,46.0872,41.8969,36.2031,43.9118,42.8575,40.056,36.007,38.1751,41.1782,46.8844,42.4176,46.0141,46.3718,36.574,36.0368,37.0466,36.2623,36.5729,45.7351,42.249,40.4673,41.6317,47.0346,45.1655,47.114,36.4448,40.0729,44.3308
24.1608,25.9334,28.7254,24.7814,27.284,29.8513,27.6186,25.1406,32.388,28.1698,27.612,29.0566,30.6918,34.1485,34.1984,34.6512,26.1446,34.981,34.5208,35.776,32.9671,30.7631,26.3704,26.774,26.7721,32.2154,26.5232,44.5241,46.0668,37.9674,41.6286,47.3315,37.62,46.669,43.3688,36.8128,42.8815,43.7985,42.6891,38.5502,38.8836,39.202,36.8,46.8368,42.8452,47.1064,44.0871,45.9379,37.8638,39.7969,40.0128,41.4303,36.8268,40.1703,41.9583,41.8382,42.746,43.6857,44.0441,45.0856
31.8423,33.3021,32.3712,30.4253,31.1032,27.9209,28.0685,31.6294,30.8263,31.6236,31.6596,28.9334,28.4097,30.999,32.7143,31.1408,34.8166,31.4493,38.534,36.0718,39.5278,37.4857,38.5054,36.7237,41.7028,38.9689,34.8491,32.8099,41.126,33.7559,36.3514,33.0182,32.937,38.9925,38.0194,39.337,44.1277,37.2854,39.6778,34.8823,39.1971,38.6173,42.2168,38.776,45.8156,35.7799,38.4099,44.949,39.094,46.217,45.3056,40.7793,43.6028,42.1233,38.6905,42.7685,39.8767,45.9186,41.1792,44.3473
28.1599,24.2887,25.8051,34.9801,25.1347,26.7568,27.3727,36.4123,36.1388,27.7068,32.488,29.0913,35.0191,37.6617,38.9191,33.9834,30.377,38.9289,33.2863,31.8917,35.2023,36.0958,33.6072,35.8679,31.6366,36.8904,39.9256,42.284,35.0377,35.9753,36.2941,32.4061,42.6208,32.1441,36.9628,33.879,43.0449,43.1852,43.2838,40.9377,40.6858,40.5853,36.5493,43.4101,42.3284,45.0991,41.7388,35.5322,44.2607,40.6304,38.4283,38.0402,39.6954,43.7154,42.6318,40.6647,48.4025,46.2154,39.5707,42.8827
32.4244,27.8671,26.9347,34.6701,36.8598,33.8218,29.6387,25.8155,34.3915,36.803,26.9604,31.2711,32.4836,34.3538,32.6433,32.7952,34.9383,29.456,36.6924,33.4479,35.1411,40.266,31.8118,39.9387,40.4465,40.4979,31.3181,34.464,31.8126,33.8859,33.7691,34.188,33.546,38.9841,39.9811,41.696,40.8359,43.3476,41.5864,32.6978,40.0943,40.2708,38.6587,37.0113,38.2539,38.667,41.6678,37.9471,35.2142,38.9392,43.0888,46.9445,36.074,45.9129,46.2889,42.4874,37.351,39.49,40.7561,45.9159
27.2778,29.8113,27.1318,24.7666,35.9647,33.2965,33.4248,28.5974,30.3351,31.2874,31.9445,35.6362,29.1589,28.2079,37.7905,29.7823,35.2679,37.6611,34.1102,31.846,33.3598,30.3534,39.5751,30.9881,34.7353,42.0485,32.7066,32.754,36.9823,31.2923,37.26,33.0529,37.3615,33.2891,41.144,34.2753,40.1053,43.2437,41.0522,45.2657,39.9565,43.1856,41.712,36.9456,42.4863,38.78,37.2036,35.9647,43.3561,38.8181,43.9101,39.3856,39.0952,48.455,44.0903,41.0704,39.6853,44.9884,42.0044,45.3073
33.8059,34.7596,33.8189,31.3703,35.8644,33.6325,29.4165,37.2174,27.6463,35.8945,28.3552,30.4921,35.0868,38.1755,28.0147,27.1686,28.0376,35.4859,34.8621,39.3668,38.0177,36.4707,32.2268,35.1551,39.654,29.5228,35.3367,33.6498,39.9021,35.4978,30.9373,40.9889,30.9786,39.8426,38.0169,32.1054,34.5056,36.1453,38.8235,32.8332,37.1936,34.0818,40.7657,37.994,33.5275,35.1382,42.446,36.5786,35.9507,45.6795,44.0925,36.1107,39.3849,46.5171,44.0997,44.4446,41.2366,36.67,41.6091,45.4775
35.1132,27.1904,32.3818,35.2564,28.9799,30.1395,33.341,28.367,33.5965,28.3666,26.4251,25.864,25.9907,26.2331,29.7679,30.1098,27.3303,25.8835,26.5055,32.7351,29.0269,27.8246,24.7139,34.8752,29.7947,35.5663,32.9517,41.1319,44.4593,37.9397,43.838,34.8279,42.4491,39.8268,34.743,35.7742,36.0166,40.9744,40.1797,45.3021,37.2016,35.3739,41.9886,39.9425,43.4215,39.1702,44.7604,33.3542,33.6818,37.3492,44.752,44.7395,40.7702,39.4049,44.8878,37.2934,36.5857,33.7802,36.5053,40.6512
29.6376,25.134,30.6742,25.3631,27.1261,35.1528,28.6288,33.6002,26.5015,30.0312,25.6147,35.3838,25.5596,35.6357,24.6478,26.4901,28.5164,34.6005,25.7994,24.4072,32.0792,27.6667,24.1719,33.8011,34.2906,36.6396,42.2702,44.7802,44.8694,34.8531,36.7744,40.8381,36.3161,41.7682,35.1517,39.501,37.814,36.0018,34.5784,39.5869,39.7529,43.7328,42.6797,42.5049,43.2727,39.4338,39.9218,40.2329,37.6601,45.2608,43.933,34.44,40.7576,41.4186,42.9881,38.9909,44.8213,39.84,41.1998,36.127
35.4011,28.1367,26.8173,27.9553,26.8617,35.5832,34.1018,27.9917,25.8761,27.2785,26.1717,25.3084,31.113,26.048,28.4698,28.8253,30.8123,28.1867,30.6812,31.488,33.7805,26.294,28.0357,34.0012,42.7304,43.5453,35.2219,38.9521,33.6384,43.0341,43.3359,32.6833,41.2094,33.37,34.9935,31.9206,40.8884,41.4286,39.8459,32.0175,40.371,32.7806,32.7721,42.3268,35.1528,40.5201,42.253,33.3226,36.3077,41.3273,42.3639,39.5176,39.9987,42.4175,42.3948,42.5181,42.892,42.8207,36.0466,34.6931
26.7435,28.0269,34.5234,26.8544,24.1954,25.6382,32.7982,31.2787,35.2924,33.388,25.3007,35.1172,30.0305,35.1341,35.9747,33.9722,29.8836,31.868,28.0548,28.9314,28.3016,44.4724,43.3164,39.1154,40.4308,34.852,36.6202,33.5363,37.8361,40.6791,36.4101,44.4218,40.8998,37.7237,35.3342,39.1456,40.8083,41.6001,37.0833,41.5395,35.8252,34.7488,36.2948,43.2804,33.9094,38.3046,45.103,40.0508,42.0051,43.4512,35.8622,42.4311,34.8619,40.2817,36.5592,37.8416,34.6188,39.2583,43.8761,42.2834
35.4279,29.9875,27.5962,30.4061,30.0577,27.9109,34.9207,33.1853,31.8093,28.136,30.8986,28.0581,24.0617,32.0454,30.4678,27.2525,33.6391,27.3546,28.3758,34.479,31.4145,29.086,44.4048,41.9019,43.9682,45.7217,35.7039,40.7752,43.792,35.8865,39.0769,40.0775,44.0637,45.4474,36.7281,36.3936,38.9127,38.0861,40.6974,37.68,34.6985,42.4149,44.6832,34.8057,40.6302,43.2463,38.8844,36.7593,36.8453,36.7413,38.5826,40.5446,42.1615,39.2373,35.1024,41.4289,36.7054,38.0931,36.478,38.7963
29.6713,32.0359,35.61,34.3365,35.8678,26.1497,28.4356,30.3562,27.233,32.0171,27.4431,29.7815,33.1518,33.0993,29.8436,35.7433,29.8535,29.527,26.1805,25.5945,27.7526,24.2574,31.3249,33.9087,28.5183,27.0248,25.9955,34.606,39.8024,39.8986,35.8511,34.2578,40.9687,42.6278,39.9302,36.76,39.1837,37.4228,43.3479,38.3034,37.4471,39.4257,42.5646,38.1609,41.8952,36.4145,37.6362,43.7155,37.8128,44.2223,35.9224,42.7875,38.0526,41.1923,33.6339,42.4508,40.296,43.7607,43.2771,42.3473
30.8949,35.6526,26.5059,33.7188,33.1544,24.2648,27.0461,34.66,28.7801,35.6699,29.1249,30.6827,25.4039,33.0883,34.3196,24.4653,34.8767,35.6144,31.9808,34.3997,32.9606,39.2874,42.1819,42.653,36.1224,34.1144,41.3108,32.6022,37.0716,43.6926,32.3837,33.2636,37.6074,33.4193,32.3514,43.7771,40.7405,35.0894,33.9209,32.3257,44.2985,41.244,35.2208,35.154,34.1743,32.9393,42.2289,36.472,33.254,33.016,42.8344,41.7599,39.438,34.8308,41.6509,41.0141,41.1463,35.4533,34.1247,33.7751
35.6912,33.701,32.233,35.7342,32.7592,36.0698,35.5339,26.6311,27.1744,31.7971,30.7375,28.4921,32.0661,36.3311,29.6023,30.2763,37.9305,31.584,39.6758,35.179,35.8934,36.029,36.002,32.6884,30.8433,36.7226,34.1996,39.5759,40.2991,36.3201,35.1436,32.7044,32.7596,40.9869,38.6747,35.7537,42.0597,37.7087,40.976,38.3483,38.4583,39.5917,44.5658,33.7602,33.6406,43.104,43.6899,34.16,36.4578,36.0082,38.1217,36.7297,35.7692,44.3307,38.1539,40.2806,36.3232,44.2678,41.5968,37.5447
27.9149,31.2197,25.4599,31.441,28.1805,35.8317,34.2307,34.7097,31.8268,36.2504,33.6007,36.2327,33.1625,33.5251,38.4085,27.786,38.2295,35.3426,38.4068,31.7514,35.0484,38.4923,34.3274,30.5224,32.4229,34.2892,41.16,30.3691,32.303,32.8249,34.9589,42.031,35.355,35.7239,42.0912,43.0975,41.0125,37.5009,34.3859,41.3779,33.3503,33.3386,33.6597,39.5846,34.3911,41.1723,40.9418,44.6002,35.6908,43.7073,37.4511,41.9849,46.2375,38.7559,45.6682,42.8943,43.4515,43.3451,40.2984,39.8326
32.4325,27.1724,29.1414,28.9857,28.9979,34.0802,34.3284,32.9216,28.0045,25.3224,33.7019,25.0899,26.9815,34.2858,35.6864,33.4992,28.7235,26.763,33.862,25.5012,28.1966,31.9885,24.4781,31.2239,28.7948,29.1862,45.1232,37.6268,39.3281,38.8613,37.0814,37.8082,37.7814,36.3782,36.127,34.8866,36.5692,43.6484,34.1771,45.2892,39.9505,37.6796,40.6156,45.1727,40.3559,43.8419,37.528,40.0346,39.6755,43.4251,41.9442,41.9431,34.8502,36.4256,39.3097,35.9761,35.8197,43.3455,39.7574,35.5248
28.0556,35.4312,34.5513,31.9173,30.6514,34.6395,25.835,25.5585,31.7381,34.7933,34.4254,35.0783,34.8664,35.0952,27.1383,32.1111,33.5734,34.7985,24.5042,26.5437,30.4502,31.6584,34.7202,39.0292,42.8835,42.3088,36.1395,33.1999,43.2056,36.6478,43.2584,41.083,41.1903,34.7823,33.9744,36.8883,43.0517,33.0009,40.8157,33.3307,34.7166,43.4208,39.5154,36.8721,33.3733,43.1329,42.9191,38.2408,33.1886,36.2714,36.6099,32.5852,42.6118,33.8499,40.9013,33.5422,31.6451,38.9811,36.3558,39.4757
28.5458,34.6552,30.6474,26.637,24.036,29.288,34.1768,32.9194,29.1499,31.2093,34.089,24.2637,33.4856,35.7404,25.7182,28.6556,25.4303,35.1653,33.5341,34.9027,26.3957,31.835,34.5296,38.67,39.6486,43.9818,41.249,36.7384,40.1407,42.6429,44.0329,34.5549,44.8517,44.2051,33.9281,40.346,42.879,34.0265,34.4683,38.6781,41.3764,41.91,37.0953,35.2754,40.8953,43.1045,34.942,35.4021,41.5853,43.4875,33.5058,43.4148,34.0019,42.47,43.1159,44.7621,42.5783,42.4564,40.0173,33.9787
34.8447,30.1876,32.9132,28.9971,26.1468,29.7911,29.2707,30.5637,24.8284,25.5056,25.0389,27.4273,30.3356,30.4921,24.4528,26.1365,31.4413,35.122,35.9115,32.8739,29.7687,28.1635,33.984,30.5666,25.7311,43.6075,37.5767,41.2335,38.0989,40.1594,37.602,35.4777,37.9307,39.9754,42.7802,34.4781,44.4474,36.9704,41.1964,38.1437,39.0786,41.1027,37.9535,40.5512,41.5291,41.6069,34.6136,38.9692,36.0729,43.1048,42.6972,36.9873,35.8732,36.5962,39.8575,39.1106,40.5325,38.0603,36.0718,40.2108
30.9643,27.7563,27.5143,31.4164,35.2993,27.8756,34.9042,25.1336,33.4908,26.2929,26.9491,31.853,25.965,31.1149,29.3948,34.7221,32.5445,32.9594,34.4349,26.6363,27.7343,26.1328,34.9494,35.375,35.2755,33.3075,24.1733,35.8601,31.889,28.7904,34.8668,32.6829,26.0858,34.5058,33.3663,24.4899,34.1544,31.0895,40.1344,33.8325,39.1708,39.173,35.0814,42.0256,35.7935,32.9149,33.5795,38.9494,44.3835,43.1144,33.5692,37.1096,38.5234,37.5128,39.1895,43.2961,42.5019,43.9098,44.0864,43.9799
34.6571,28.7107,30.0555,27.4603,24.6489,29.567,28.9964,31.3936,30.8134,28.8359,27.6553,29.1238,34.9997,28.4977,27.0997,26.5011,34.6079,33.6054,26.4181,25.6312,31.2243,33.7434,31.7171,29.4708,30.3687,45.688,43.1226,45.3931,37.4865,38.4002,43.9757,44.2217,41.2788,36.9265,34.5965,41.9611,41.7936,45.7479,38.4479,44.0223,42.0742,40.0163,38.8434,43.2431,36.7253,38.3443,38.8493,40.2319,36.621,36.1994,46.0034,36.5626,42.6849,43.9569,43.8985,43.3216,45.8239,34.4452,42.7517,45.208
25.691,33.3709,27.1828,35.2622,25.9799,29.8029,35.3159,32.2472,31.83,37.2008,30.2565,26.6136,37.1233,31.2693,38.362,36.7616,37.1962,36.8399,30.8332,30.0534,35.8157,30.2305,37.6387,33.7949,38.6424,38.5806,31.5159,33.4933,35.0568,33.4229,32.161,40.8284,36.419,40.0272,32.3955,33.8878,40.2681,35.7221,39.9814,43.7978,36.6652,34.6545,41.4373,42.1716,34.4867,40.495,37.1326,35.8737,43.3707,35.9215,38.2407,35.5493,37.2615,39.342,42.4691,39.6936,39.8102,36.7064,47.602,37.637
26.5753,29.6302,32.9267,26.5386,26.8485,29.3151,32.8493,28.3589,33.1008,34.2932,34.8201,32.2948,26.6473,29.1536,28.7213,27.1801,27.1742,26.3605,33.3329,34.822,29.6185,34.5058,34.8366,42.0338,45.8539,41.773,39.743,34.967,44.4009,40.9758,36.2871,42.5945,42.4553,42.1237,41.0114,45.6813,36.6202,40.1606,36.6092,43.1574,38.6689,40.266,36.4564,34.501,45.6589,34.7055,35.2299,43.0447,43.7215,35.0782,46.035,36.1748,44.4045,43.0109,45.432,37.6135,38.121,40.899,38.8118,35.0702
29.9625,28.9806,26.8434,31.434,32.2158,25.1244,34.1444,33.0784,32.7193,31.7707,24.6353,33.9087,30.3316,34.8866,26.6047,32.6175,24.9856,28.5939,33.8136,29.2883,30.2089,33.2565,24.9419,34.7511,34.5289,36.9908,39.0993,38.8955,44.7079,43.2482,43.3316,39.3711,45.9965,36.9012,40.7926,42.3735,42.3037,45.5988,41.3284,34.797,41.6938,36.621,42.325,44.0197,41.805,36.4506,44.5327,37.7862,42.9115,38.9363,40.2741,39.2973,41.0787,45.3799,39.0935,45.7556,45.4119,44.384,45.4835,42.5365
34.6259,29.5667,32.0502,35.3662,32.9495,24.4616,34.4529,28.3762,24.4285,32.482,32.1141,26.8423,29.2292,33.677,29.4282,33.5437,33.2385,33.5609,30.0683,30.9595,30.3184,28.111,35.2042,38.5437,41.6886,34.5425,34.0894,43.9143,34.3258,42.0635,44.254,32.3961,33.5066,37.8563,42.2045,42.1575,42.3826,38.5368,38.2643,36.1972,39.6469,41.6835,40.1731,44.0153,37.347,40.4221,34.9057,43.1883,40.5719,43.579,38.0098,35.4708,37.2496,41.6177,40.8741,44.0454,43.9955,33.0435,41.3126,41.3284
27.6766,32.6936,30.8854,28.7287,27.6906,29.7734,31.1013,33.0556,25.6602,33.6832,30.1719,26.7824,25.7164,35.1135,28.7202,35.801,29.3452,26.7696,27.0644,33.6186,30.2009,26.4494,37.3387,39.4238,40.8589,34.9569,35.1424,39.7613,38.2241,36.6601,33.7157,41.6686,37.6707,40.6999,33.0,38.2057,39.2486,43.0556,38.6251,37.801,31.9689,39.8248,34.5251,33.5927,39.1469,43.1129,33.0397,41.142,42.8745,38.3768,35.9201,42.4376,33.1693,37.0269,34.4671,41.1416,36.2789,35.1336,38.6431,42.93
25.535,29.2788,26.5951,24.8351,30.0958,24.5192,34.3383,32.7064,35.1334,26.886,25.495,32.7123,29.4437,27.9028,25.4079,27.3061,28.9402,24.325,24.6368,24.1072,30.7484,31.0102,26.0902,34.3971,31.2511,34.3027,40.006,39.6839,35.7958,34.7533,43.4938,43.8126,43.6767,34.9424,42.4282,40.0655,40.8965,45.5124,39.309,38.3168,35.9589,40.8847,44.8838,41.8406,38.8375,46.0706,41.9394,43.1292,38.9242,41.8777,42.5585,40.1334,42.0404,41.892,39.1746,34.1984,42.0437,40.7867,40.8168,37.1365
28.2667,25.665,29.556,34.0361,25.0818,30.0679,27.7827,29.1411,34.2418,31.4065,32.9418,24.1425,24.1234,33.9087,33.5304,31.9576,26.767,35.9126,33.9296,35.2399,28.6013,28.2917,24.5317,35.3937,29.462,29.4767,34.6134,33.8319,28.1231,28.0853,29.1807,24.0709,35.4892,35.1018,30.7069,31.1303,30.0885,32.3833,44.0156,33.7118,38.7893,41.029,35.6368,37.0153,43.5448,39.0064,40.8142,36.9646,43.0546,37.3476,34.2362,33.8502,40.7804,42.7601,34.7554,40.7066,35.5075,35.4627,33.6115,41.4484
33.5767,25.8743,28.0093,31.3058,25.6077,32.5177,29.1514,32.7472,31.0517,34.0967,33.5965,31.7472,33.8246,24.4146,24.7352,33.323,26.966,30.1638,31.4039,27.3285,34.4323,28.9993,26.211,24.2387,29.317,33.937,34.8414,35.585,30.1469,28.5818,44.7668,49.2421,38.8866,47.0587,42.0314,43.9516,44.0364,48.944,40.8938,44.7386,40.8358,39.0918,38.3071,47.4222,39.6702,46.9617,46.817,42.5044,38.7691,42.316,41.1824,38.4279,40.1667,39.242,44.9064,38.1327,49.3384,44.6126,45.6952,47.5078
34.6989,25.6092,32.5066,27.8452,26.7035,30.755,24.6379,31.2148,33.8033,28.1705,29.9468,29.9783,31.5387,34.8616,28.1617,34.8275,35.9255,32.9848,24.3125,25.7667,31.4197,25.0183,29.1128,38.6137,34.0954,40.5545,36.3711,39.6698,38.7911,40.5027,37.9718,32.2472,39.7058,33.0268,40.3044,44.0089,36.6315,41.1563,33.4157,41.7145,35.8019,43.8679,33.1924,41.0484,34.7788,40.9845,32.5549,43.9623,43.4577,33.7789,37.0908,35.5533,34.7785,35.962,33.5967,37.8367,37.6031,43.2352,34.7832,43.3075
33.0156,28.9296,27.6873,27.0193,26.4809,28.7603,34.7992,35.7198,25.4546,32.2195,25.0906,33.3446,35.0717,31.264,30.6867,25.8758,25.1237,26.9587,34.2983,29.2527,25.4964,27.4442,24.9522,30.0312,29.1018,33.8026,29.8674,29.6383,29.0772,32.243,31.1017,25.1982,29.6864,29.0882,30.5637,26.5709,32.8008,34.4138,35.3899,42.5437,39.6915,32.3669,36.2914,41.1027,35.4516,36.9561,40.0745,33.7183,32.2928,42.2995,36.0009,35.4758,42.3564,38.3207,41.4248,38.9508,32.2219,33.6563,34.5816,42.8606