25.3132,29.4558,27.8929,26.3983,24.3474,35.1044,28.0067,31.3058,29.1561,24.7183,27.6068,29.0588,27.7409,24.6885,30.4877,30.1131,25.4994,34.8781,31.0032,27.4643,25.0234,24.5574,27.7636,35.2773,32.0506,30.3617,32.0906,34.938,26.283,34.765,24.9827,27.4526,34.3211,31.5563,26.9102,24.1061,26.8261,29.0155,48.932,49.2078,49.1556,43.5482,45.858,51.5312,47.3933,43.5746,54.5313,44.4001,45.139,46.2858,54.9118,52.7129,55.3194,44.8456,49.8868,54.4854,45.4647,52.8844,51.3556,54.1924
35.9703,29.5733,25.2482,24.0154,29.7918,25.5886,30.9889,30.1572,35.3989,27.3175,35.1341,35.4378,33.8374,27.5378,28.9916,30.661,32.1626,24.5743,25.3029,32.6745,25.1957,24.2145,29.9291,32.4321,32.5121,32.5327,28.7911,29.6614,32.0443,33.9737,31.0506,47.5933,43.2439,43.6985,51.4601,44.6485,46.564,45.7935,46.5441,50.9886,41.6021,51.9933,49.794,48.4757,49.7345,43.1349,49.9864,42.2763,50.7201,52.0524,50.3393,48.4783,45.4201,43.0985,46.4027,47.6047,52.3653,50.3004,46.2786,51.8075
25.3705,26.0271,27.0336,28.8987,33.3887,29.7521,29.2777,28.5601,31.6988,29.6133,25.1296,31.0293,28.9523,27.4651,27.8819,30.1135,32.9231,26.3862,27.3164,29.3262,24.2376,32.7732,33.0626,27.6366,24.7043,27.341,30.7374,26.2015,30.4814,28.743,33.2455,26.3833,31.5662,30.5894,30.5754,31.4538,32.2492,51.4732,52.1371,53.956,48.9291,45.1824,51.2077,47.3596,50.55,53.2968,52.3531,50.9613,44.8834,48.3224,44.5687,47.321,49.0976,54.1341,48.9776,49.8112,51.5639,50.2272,46.5789,50.1277
35.812,33.6685,24.2288,35.1929,26.6499,32.2937,30.4469,35.0999,29.0838,25.506,28.328,27.3259,26.6634,25.5989,25.98,27.0622,29.7543,32.1993,34.6358,24.4216,26.6612,29.9864,28.8627,27.1067,25.5868,26.7692,26.3693,33.0674,29.8663,26.9991,24.5696,55.6582,55.4592,54.2151,50.2818,46.4359,46.361,46.4939,48.8786,43.898,50.8333,52.4899,50.9857,55.1537,55.6402,45.5222,53.0308,46.9544,45.7485,48.0179,49.7379,47.6602,48.8941,53.4615,53.1835,49.4603,45.3654,51.8751,53.9679,48.1523
32.8581,28.877,26.7993,28.6479,25.1799,32.4953,28.436,27.2752,28.0177,35.9317,30.1498,34.9722,24.2501,32.3425,28.5528,31.3793,28.147,29.101,25.4568,29.5167,35.5292,24.3437,27.5389,24.1421,35.8087,26.5022,25.3499,26.1453,30.6338,29.9567,31.7601,26.9341,53.6177,54.1013,44.966,51.2355,53.9254,52.942,54.5339,48.2809,46.0118,53.8997,50.561,55.25,52.6684,45.4573,47.4392,47.3272,51.1441,44.522,46.2057,52.6424,49.8401,54.3573,53.9489,53.4359,49.3972,44.4442,49.4703,48.4689
24.8901,30.173,25.4446,28.4496,28.5524,32.0491,30.9827,33.6384,34.3684,26.9969,32.0072,27.862,26.6458,32.276,24.0782,32.8353,29.3647,27.4438,28.3405,27.4574,32.9774,25.0521,25.337,33.5602,27.4581,27.1449,26.85,28.2355,26.1662,33.392,28.9391,47.0293,46.2115,46.9963,43.508,45.7125,44.7224,46.1854,42.3381,46.1395,46.2255,40.6794,39.78,44.8848,46.621,43.7926,46.9889,41.6988,49.2965,43.4651,39.6567,44.2913,40.2457,48.3267,49.9494,40.7087,48.38,46.6415,50.519,41.954
32.0656,24.564,30.0195,29.2149,25.5262,35.4326,25.474,25.4399,33.1735,34.8286,34.6574,29.3827,30.7657,26.9745,27.7985,31.2566,26.0935,35.1554,29.7143,27.5675,27.3428,35.6908,30.6055,31.5265,25.3918,30.5923,34.3134,32.0638,34.0427,30.657,26.3153,25.1582,33.6369,27.5811,34.8172,30.6199,43.7839,40.953,44.385,38.7846,42.8783,46.5267,48.3521,45.5014,37.6869,45.4525,40.91,40.9952,43.4508,39.4143,49.2573,45.4658,49.1673,38.9843,42.813,44.9707,46.7022,43.9624,41.8292,46.1418
27.1761,24.4825,35.3978,30.8038,24.6379,35.805,27.2752,35.1936,31.0973,30.3261,24.3169,35.3416,28.9358,29.3911,26.937,35.2072,32.7901,35.8876,24.4546,30.7616,24.5765,32.1343,27.0075,30.0712,27.1059,31.2787,33.1842,25.5548,32.3873,35.184,25.5071,27.0876,24.1498,53.8965,51.0928,49.3283,46.6212,43.9089,50.6745,45.8614,45.9256,46.7842,52.963,50.6481,43.9155,54.3287,54.4833,43.9687,51.8147,50.3389,45.4251,44.001,54.8597,50.0396,49.264,43.6151,46.9964,51.6462,52.9796,46.7431
32.1218,24.5578,26.792,32.8544,31.9481,26.6745,25.1744,31.0543,34.6747,34.2465,28.2671,25.9694,33.1419,29.6298,31.9,26.9436,26.8673,33.9021,28.2638,29.5149,34.6967,28.2968,26.5162,33.3112,30.5828,34.067,31.2989,29.798,29.9827,29.2619,29.1697,26.4262,30.9489,43.9146,46.1792,54.5889,44.5914,44.9105,54.8254,52.4352,44.3042,52.6904,50.7059,43.6311,48.7733,48.5441,48.6411,53.5001,43.421,54.4699,53.8534,51.2667,51.5777,45.0195,51.1782,50.118,52.3955,44.6442,51.4492,47.7568
33.3307,35.2758,31.5926,28.6112,24.1528,33.6413,34.8113,26.8559,33.2881,32.2566,28.5186,30.6573,25.8655,33.9524,26.7905,32.3671,35.4136,32.7453,34.5161,26.4189,33.2782,28.0464,30.343,31.9158,30.8281,26.3888,35.1932,26.9675,25.2555,31.055,24.5611,26.7883,31.5115,25.99,26.4064,26.167,44.8308,43.6351,47.5475,43.3384,49.9913,52.2736,43.9616,51.9956,52.2464,51.4731,45.3188,48.6363,43.3858,52.9217,49.37,43.843,46.3309,46.4506,49.2113,44.2084,41.5464,47.8277,47.8402,52.2872
32.8786,33.1974,28.414,29.2795,27.7177,33.2414,32.4101,35.1984,33.8183,35.5182,24.3147,26.2676,30.6511,30.387,24.1219,35.4587,31.5038,32.4457,35.2388,25.272,32.1714,25.3815,30.9309,32.1798,24.35,25.5838,29.7246,32.1725,27.475,30.238,36.0235,30.1627,26.5793,45.8353,40.3619,42.7209,49.6889,40.9803,42.0081,49.6764,49.6628,49.6309,41.7852,47.4477,46.7331,45.9286,45.9227,44.8735,46.1155,45.3733,40.8297,50.1813,42.5487,47.6082,45.9135,40.3861,41.3949,40.8062,41.7625,39.8614
24.7892,25.4748,25.4138,25.9492,34.3479,24.163,25.0234,35.4191,31.1747,24.1781,35.3706,27.5602,26.6807,33.5275,32.0616,34.5524,29.2927,30.9059,24.964,26.4912,27.3428,24.5556,27.5227,35.0342,28.7566,24.9485,31.9261,30.8615,33.0817,27.9234,25.0921,41.9908,48.3599,41.0699,40.6663,39.0806,38.4729,43.5034,39.3972,47.1936,42.3236,40.6652,42.7602,49.762,41.1338,47.6471,38.9525,47.9585,43.8501,42.343,50.0234,42.2699,47.6526,43.2982,44.2177,50.2915,46.2491,44.2254,49.712,49.8056
33.0887,28.7008,27.2363,35.2744,30.7043,32.7332,35.1503,27.8569,27.6035,35.2035,32.1831,35.4855,32.5301,33.4607,33.7655,31.5464,24.1807,27.8466,31.0293,24.0591,28.2304,26.7725,25.2096,32.1908,32.8728,30.8571,28.6053,30.7326,24.527,29.5902,27.9575,31.3826,34.2858,41.0965,47.6143,45.6232,46.683,41.2698,48.9535,43.1966,39.7169,49.0876,39.6643,43.6373,39.3842,50.3402,49.5495,50.1635,40.9224,50.649,45.628,47.6209,41.0109,43.8811,40.4296,46.1138,40.7418,46.8637,49.5194,47.4821
27.8698,32.7655,35.686,26.5048,24.4418,25.5298,24.52,29.8498,33.9109,31.1373,25.1604,26.1409,30.9654,32.2022,26.7832,26.2107,29.9761,31.5181,33.7049,33.1651,27.5999,27.2047,33.1467,26.2867,28.5098,27.269,25.2533,34.9255,29.7863,31.7571,30.0088,29.0048,26.0113,24.9893,27.8092,32.6319,44.5098,39.9581,38.6607,44.5825,46.9287,39.3401,46.853,42.5687,41.0506,45.7506,45.802,37.6417,48.9796,39.5373,44.7433,48.9862,46.9613,44.7044,47.2507,37.6626,37.931,39.1274,45.3426,40.0987
34.4507,34.0372,25.6418,25.2067,32.3223,32.2209,27.2319,33.1621,26.9906,27.0461,27.0435,29.7485,34.0537,24.6246,34.5256,29.6115,31.0161,34.1426,34.5811,34.6398,28.1044,31.3874,26.294,33.6021,34.7639,30.6863,25.2056,26.9091,35.01,34.0064,25.001,28.7408,30.6797,29.0482,28.7856,28.8697,40.4714,49.0816,40.8508,50.2479,45.6819,49.2748,48.945,48.1001,45.8127,43.9637,42.9006,49.8385,47.9748,44.5131,40.9466,42.3549,44.9636,49.674,49.2304,42.1129,45.1142,47.774,44.7275,45.6434
27.2392,27.7724,34.5241,32.3587,29.6328,32.6164,35.5531,32.2492,28.4808,30.1968,31.2236,35.2773,27.0218,30.336,35.7422,30.2508,30.7293,34.7382,31.7333,27.8709,29.5054,25.7347,29.5751,34.6325,29.3456,35.2406,30.5002,26.6583,24.0496,32.5797,27.692,26.1163,32.1963,25.6389,29.2226,27.9065,49.2404,49.2224,51.9417,55.1479,43.608,53.6669,49.7618,46.6768,46.6721,48.9349,45.8058,55.1155,48.8717,52.505,51.335,54.1347,52.6776,51.8704,52.9691,50.063,50.2961,54.8838,43.6561,44.6266
28.9736,34.1323,27.6649,31.9753,34.5363,27.6109,30.7609,29.9993,24.4755,27.7567,29.5513,31.8332,24.6647,33.2672,33.6362,33.7126,25.4384,33.7298,30.0275,32.796,34.3875,27.2268,28.1059,32.1842,26.7046,32.4152,24.8777,32.3315,32.619,26.2731,24.7847,27.2745,29.8847,33.5018,25.6918,30.123,25.243,34.0479,33.1008,45.9289,48.9567,55.0911,46.2833,52.6564,49.4274,53.978,54.4837,44.3312,53.3328,46.2712,50.651,49.0969,45.2496,45.6968,49.1245,55.9276,52.5282,53.5715,54.5619,55.1105
29.7848,26.0906,28.0273,31.4112,30.3591,34.5532,24.0925,27.3876,28.5473,25.0657,26.3719,35.1995,32.5401,29.5377,28.4019,29.0471,32.6877,31.2107,31.0627,28.129,32.2272,24.4014,33.3153,35.6879,27.0747,34.5025,33.8624,29.5072,35.8472,35.447,27.5756,28.2943,52.7014,50.8601,52.7752,53.9022,47.7843,50.7937,44.1481,49.5058,45.3192,51.5891,53.7836,43.9707,42.128,53.8317,52.6224,43.9399,49.3086,45.455,43.2613,52.181,44.9336,42.8713,46.3654,43.674,47.2882,47.2346,52.8831,44.2851
33.2392,28.3997,34.7533,31.864,35.0423,27.2099,35.7463,30.4304,29.1844,31.6642,24.0665,29.0445,32.1802,32.5782,32.5364,27.7434,31.1865,28.4647,35.2604,32.8423,34.8554,24.8857,35.2971,30.0716,35.0952,24.3397,24.3125,28.9057,32.0212,31.1145,29.6849,25.0293,27.7262,47.1507,43.101,52.5257,50.6331,48.8884,47.7364,42.0005,45.4839,49.6926,42.5568,49.509,47.9226,49.108,43.9739,46.8536,49.3372,45.7391,47.6274,42.6806,43.1165,43.5597,47.0523,46.0259,51.2746,51.7641,47.6696,43.8997
27.06,30.7668,35.3849,32.8313,29.5931,33.0799,31.7318,31.1365,32.8966,27.4056,27.3266,26.4956,33.9476,33.5591,32.767,35.7003,35.1624,24.2982,27.3149,25.2467,33.1335,26.7971,29.0114,33.4049,26.9447,33.0196,28.1242,28.4345,35.913,26.2228,29.4852,29.7617,26.3491,27.6891,49.2865,41.3868,41.157,40.8654,40.3781,40.7952,40.0142,42.9156,44.6837,49.7444,40.569,41.0428,45.5911,41.0578,48.5399,46.9818,47.576,44.7249,42.2586,47.1742,44.2192,46.7993,48.8605,46.4504,45.1031,48.599
24.7991,32.178,31.9929,26.146,34.9435,28.3831,25.8137,30.6544,35.0456,24.4443,33.0376,33.1228,32.4207,27.0248,26.0678,24.8578,32.8041,25.8104,33.2183,31.0734,33.1783,34.5822,29.0408,26.287,24.4025,30.6871,33.1798,30.3276,29.5847,27.9318,25.5614,33.3619,29.6724,30.578,25.7439,30.0951,30.8266,31.2658,45.6125,45.2926,45.943,46.323,52.0274,51.0844,45.7017,43.8002,45.1986,42.7735,48.093,45.9889,52.9664,41.7357,41.3109,45.6565,50.4987,51.4704,41.3267,41.8286,50.3147,47.7541
30.5861,24.3334,35.0493,30.1245,32.1545,31.9999,33.3369,24.8196,27.4328,35.3375,33.3612,25.868,35.5171,29.8729,28.4782,35.1818,26.5199,27.3189,30.8876,24.5574,29.7797,27.2569,25.7292,32.7773,24.5618,27.6667,25.2261,34.7632,33.2734,29.5586,32.2298,34.3993,24.9955,33.0722,29.3574,49.9193,42.7706,45.9089,49.1793,49.8146,45.5417,44.7268,47.9951,41.6359,50.6761,46.752,51.7976,42.7332,51.9122,47.7193,52.2823,51.0709,45.9629,43.5598,49.3016,50.0107,43.7335,52.398,46.5361,52.8872
32.485,30.332,26.9734,33.9693,29.5707,25.098,25.3121,28.2704,26.3785,35.9651,35.2086,32.8048,26.6032,29.3632,26.2852,32.5992,26.4769,24.2879,32.7953,30.2134,33.2716,32.2797,34.3673,25.9668,29.8649,26.8467,25.1689,34.5675,34.656,35.9721,26.6858,30.2233,27.07,24.1586,33.9696,31.1924,32.3374,30.6691,35.6104,51.0491,43.1877,41.5513,40.7754,45.4857,50.1722,40.1493,51.1215,42.3056,41.8741,41.6839,46.395,50.8589,51.0715,48.1103,50.7733,46.8683,47.9461,41.6953,47.9432,41.1379
25.5486,24.9173,35.5421,25.6022,31.7527,24.0903,32.9176,24.3716,27.713,32.1637,30.3514,34.8179,25.6635,30.3753,24.2997,24.4528,29.8186,27.1206,28.7349,32.4207,34.5256,34.9226,25.4131,25.3991,24.8817,27.9652,32.6117,35.8252,32.8419,33.9865,35.5112,29.3111,31.091,26.995,32.7982,42.0241,47.5232,44.2583,43.844,41.394,48.4648,44.1128,48.7685,47.7733,42.5081,45.2112,51.5325,45.769,52.524,42.8503,49.0009,42.373,46.7311,50.4731,47.9947,50.1477,50.8106,47.6135,42.467,42.89
31.9933,25.1799,32.5951,27.4666,27.2862,33.3457,31.9092,24.4825,32.6807,35.7547,29.3746,29.1279,30.3709,35.6544,27.3795,27.9204,25.6036,32.6568,35.1807,35.003,24.7003,36.0286,30.5288,34.2818,29.6475,28.2777,34.3211,27.7265,27.0692,29.8186,26.3994,30.7638,27.6123,24.4396,26.2639,30.188,25.2603,28.7155,46.5648,50.15,44.7045,44.8245,51.8601,42.0715,51.2737,48.8074,44.7287,49.9788,41.0569,47.6128,45.631,49.1342,44.5131,51.0463,40.4811,41.8262,48.3418,40.0966,40.4399,41.9323
27.3399,24.9283,26.0417,26.348,28.562,24.4546,35.4881,29.4209,35.4022,33.9953,30.9239,25.2974,34.403,24.8578,34.8855,34.7202,29.1943,35.2516,32.1137,27.9586,28.6457,32.8643,34.3824,26.6429,31.6554,28.176,30.8446,31.6161,28.508,29.7723,27.3351,32.8768,32.7174,28.541,53.8941,45.5553,49.6873,53.9679,50.8095,50.6424,51.9335,51.888,52.0268,47.2265,45.7944,46.163,48.6789,48.7332,48.579,46.7517,47.8401,49.4309,49.0516,46.3099,44.2869,44.4786,45.0533,47.2071,49.2477,47.4615
35.913,29.8549,33.2503,30.1664,27.5315,24.791,29.3816,30.9162,33.3369,32.6825,34.0629,28.0912,32.1504,29.3372,28.0798,35.8384,33.807,26.9734,24.0885,30.694,35.0937,33.424,34.0861,32.6326,30.806,26.4956,27.5,33.7519,24.6342,25.0881,32.1967,27.6619,26.727,31.8277,31.3268,25.6466,30.7855,25.0767,42.6002,53.6032,47.4262,45.4788,47.0152,41.9667,44.3456,51.5787,52.547,43.0217,45.694,42.1044,48.8679,42.8436,53.4827,52.0843,42.3457,42.945,43.4415,51.0914,42.9035,47.0538
26.8529,26.518,35.6005,30.8821,35.7051,24.8784,29.2443,25.7017,33.4864,31.4413,25.5596,25.8064,27.0303,29.7756,31.5412,34.8249,33.8933,32.2962,25.2757,30.3929,30.5042,26.7365,33.789,26.9278,30.0683,26.7178,30.9838,28.3442,33.3979,34.252,27.565,30.5233,35.0412,28.8719,32.9517,34.8036,51.2741,50.731,51.2686,46.5788,46.8193,54.4854,51.4647,51.6828,50.6447,45.4107,48.4784,51.8378,50.0127,43.3216,44.0696,44.659,49.402,48.8178,48.4784,53.5578,50.8327,49.666,50.7493,43.7909
27.5767,31.1718,31.0906,34.5627,34.7841,31.4854,27.6336,31.0741,30.7293,26.8812,32.0796,32.3212,35.8101,32.0131,31.6393,25.2757,32.7112,33.3784,28.5161,27.9906,31.6767,29.6526,28.7111,34.429,32.9609,31.5247,31.9856,28.039,35.7426,30.4407,30.8692,28.3479,32.2107,35.9034,32.6289,32.572,27.8062,34.2987,27.8676,49.5346,42.7466,45.4772,44.3734,49.5427,49.3499,43.6,51.2249,40.7658,42.1531,52.0449,45.515,46.425,49.7384,45.3068,49.3804,48.9302,44.5988,51.9282,48.8806,49.5185
24.0092,35.4598,34.8025,29.8351,29.805,31.5368,24.5358,35.5788,24.3121,34.6339,25.9863,27.0365,26.525,25.6833,24.7311,27.721,31.2012,35.108,35.8289,28.4415,24.1326,32.3293,27.6836,30.7135,33.916,30.6687,29.9949,31.2482,35.5917,35.0004,27.5844,35.1411,32.9187,31.0686,30.0389,34.9538,26.3601,43.8293,42.1937,46.2228,40.0311,49.1874,43.2222,46.9414,41.6208,47.8676,40.8988,48.5293,41.464,45.073,39.4557,44.9478,43.7195,40.1057,47.7618,43.4158,39.5706,38.9522,43.0665,48.3336
35.6361,35.2266,26.4512,25.9995,31.3716,33.6116,31.0205,35.3324,24.0536,24.943,30.5574,25.9007,30.5912,28.7026,26.7435,34.9013,35.2847,26.9165,34.0695,34.8715,30.3757,30.5262,26.6249,28.6486,33.493,34.5737,25.9191,34.0835,26.7182,28.024,24.7789,31.0811,32.7402,25.5203,25.9565,45.2669,43.6386,45.6793,46.3675,47.0872,45.149,42.6339,44.0209,37.4576,36.7345,44.6232,44.0051,42.6104,45.3716,44.7814,43.2799,40.2977,45.3995,42.3269,42.833,37.6434,39.3297,36.2876,43.9401,41.7559
33.8837,27.8213,32.4942,26.344,28.9608,27.2433,35.8248,24.5567,30.8828,28.4342,33.4967,33.6634,27.7761,29.8179,27.5154,25.723,30.8461,29.1113,33.009,32.7978,30.4484,30.2703,34.8264,31.98,29.646,34.5719,27.8261,24.574,24.7671,34.2579,25.4164,30.0334,25.0965,33.1849,35.2138,34.1397,29.3452,28.6674,30.7774,47.4347,41.2085,41.3451,40.8335,47.416,40.4156,41.7824,46.7763,39.6169,46.6257,48.0399,45.401,40.2739,41.2643,43.4819,44.9706,47.2364,41.0847,49.2315,38.7173,49.3909
26.3296,31.886,33.952,35.2332,28.4753,29.0023,33.7533,32.8834,24.5494,24.8442,24.022,25.8747,29.462,35.5351,32.539,33.3127,33.515,25.5199,29.0074,33.5455,24.1623,30.3052,27.6201,24.9629,33.7372,32.8272,26.269,35.3996,28.5175,27.0174,33.955,35.3912,26.0689,46.9199,47.4935,42.0414,40.2321,37.8224,44.9876,40.2703,44.5738,42.0264,46.0489,40.6519,43.381,37.8738,45.1507,48.6532,47.5692,37.0226,48.5952,47.8901,44.5796,39.6655,41.8978,45.3222,44.7963,47.2097,37.4817,43.9943
28.4874,34.1558,28.6593,35.5274,35.2501,30.795,31.3183,28.0339,25.3745,33.6101,29.7231,28.4621,24.6834,35.2446,34.1507,35.3405,27.7243,27.5022,28.5388,32.3021,30.5857,30.7473,28.1797,27.0846,35.7227,26.7872,29.8898,28.0442,27.6626,27.2396,25.0047,24.7311,32.778,46.4027,47.259,45.3796,45.677,40.5437,39.2136,43.3738,42.0555,43.6827,42.5601,38.311,44.8783,40.5591,46.9171,43.3129,38.7586,47.5157,38.5618,47.7786,36.3254,42.0658,44.7733,48.3049,47.1371,39.6036,37.5626,44.185
24.3055,30.4315,34.2447,30.2574,32.4303,35.6254,25.7781,35.6526,24.1072,24.997,32.0212,33.8969,25.9514,31.6356,30.0463,27.1977,32.5228,26.2022,34.2678,30.6727,33.9608,34.0772,35.2971,34.6795,34.2418,27.9454,34.8976,27.7993,31.8541,29.3838,31.5144,35.7378,24.9423,28.7599,33.4662,42.2122,37.8559,37.7406,39.5836,41.4495,44.1908,45.7276,45.8833,43.287,39.0071,41.1381,45.1749,48.8196,48.0286,46.2883,39.0475,46.2116,37.7182,38.013,41.1623,47.6694,46.5296,42.7436,46.2156,45.6798
28.812,28.2116,33.1856,26.1783,25.3069,33.9002,30.9059,35.8762,26.4894,27.5422,35.0287,30.217,29.4716,30.1451,35.747,29.393,31.4531,27.2,30.9977,25.9441,29.5766,24.7726,28.161,35.3159,27.1966,26.1772,31.3062,33.3428,30.3973,25.8805,24.8894,24.7128,24.6052,27.0233,40.9299,45.1551,45.3949,44.7486,44.3222,41.0815,45.0611,42.0726,43.0072,37.9201,36.8754,44.0795,42.5192,40.6713,43.3036,45.4481,35.043,41.8336,41.3118,41.325,34.3941,44.316,39.5197,44.0472,39.3835,34.4631
26.9627,26.261,26.1402,35.762,25.5284,35.5814,27.8059,24.4476,35.2975,27.6777,32.3572,29.3739,33.3329,30.1223,26.6517,31.6657,28.5572,32.9109,32.5268,32.4449,28.2796,24.202,25.1611,28.5073,28.4412,27.1089,28.7588,33.6167,35.4646,29.6298,39.8637,40.8981,37.7613,43.1305,45.5563,41.6627,40.72,46.7248,45.0495,37.761,40.6044,46.4564,47.6274,36.9542,45.6775,37.2153,39.6716,40.5944,44.0393,48.1503,43.6376,42.6861,44.0459,40.9657,39.6103,44.1062,45.1876,40.9113,43.1286,43.252
28.0805,28.3787,24.3948,24.2703,34.6633,34.0067,33.4063,34.6395,27.3975,33.374,27.5051,24.2464,32.6172,29.249,35.8553,27.8407,30.592,25.8097,24.4469,25.3628,32.6219,33.5106,27.3997,24.849,26.355,24.0536,30.8578,33.208,28.8631,31.3785,32.5158,29.559,35.7661,35.0467,31.9782,36.2798,44.2822,37.0355,36.5721,38.3865,43.7222,37.4406,39.2998,42.0866,46.1595,46.5068,44.6832,44.0314,35.6074,39.8848,35.8582,45.6747,40.7991,42.6621,42.9029,43.864,44.5955,35.6401,40.4576,44.6715
30.2031,29.8458,25.398,26.6242,31.0183,24.3055,35.2505,29.4249,33.7658,30.957,30.1473,26.1537,33.4471,31.3099,27.63,35.8476,28.7041,24.6276,26.2962,31.4388,32.1196,28.609,29.3199,33.1416,32.222,32.4325,30.3922,25.7862,26.3961,25.8772,24.13,31.3811,44.4348,40.8015,35.8899,35.5392,46.7989,45.424,46.0333,44.4039,37.6214,35.9604,43.3893,42.0537,36.7169,46.5812,35.6769,41.6476,46.0715,37.1873,47.0765,36.3868,39.2724,40.9333,38.1531,42.6993,38.0165,38.4939,43.9041,42.581
27.6843,31.0146,27.164,35.1447,31.5214,30.8292,33.7203,33.9729,26.4776,27.1004,30.5321,34.7907,25.3767,28.8153,34.7823,28.1004,32.8382,27.5492,25.3558,29.8946,28.6226,30.8883,24.5776,24.4656,32.4101,32.0432,34.4437,30.8575,26.2749,33.3505,27.7838,39.3342,45.2732,41.5103,43.0416,36.691,39.7837,39.7892,37.4628,40.9294,42.3076,41.2335,46.4326,45.5817,44.1477,41.9304,45.3603,34.8615,42.4684,38.5245,37.7856,35.7814,41.8779,43.0237,36.5264,37.8367,44.1903,36.8088,46.7304,39.3408
32.9495,26.6194,29.0166,31.0796,28.4496,33.9766,29.6251,32.6844,27.5635,30.3261,31.0429,34.1176,26.8147,32.283,31.0462,25.5353,27.0696,33.0009,32.8349,31.3036,27.8092,26.8746,32.5959,34.5003,26.5019,30.9753,28.8991,28.4459,33.9821,34.4048,31.7428,33.1889,26.489,29.3665,31.0069,29.1991,25.7693,31.0741,45.2719,42.0165,46.1412,46.5014,37.835,36.8556,35.2957,39.0332,43.8717,43.8064,35.4529,35.9115,36.4892,45.9047,35.465,46.1176,44.0719,38.6829,41.3159,43.8824,41.0427,40.5231
25.2838,26.4629,27.4063,28.1448,30.3757,31.0671,34.9204,35.6537,32.6928,25.7542,34.0266,28.3148,25.6617,34.5535,29.964,29.1719,34.4474,29.9894,27.2796,35.6141,27.7824,24.6235,33.4658,28.0126,25.9187,31.4784,34.7963,25.6716,30.553,29.0908,30.4704,28.0137,44.2822,34.8087,34.6445,43.893,34.3621,37.3054,36.4861,35.2137,43.4721,43.6741,39.7401,45.259,42.2126,44.8922,44.2638,41.7701,38.9035,34.6868,42.8897,46.0001,36.7274,37.3388,35.7778,37.0021,45.6016,43.4765,44.045,38.6021
30.979,27.428,35.4591,28.5326,24.0577,28.4918,25.6808,34.0317,29.361,24.1014,26.222,28.5847,25.8915,31.3558,33.2168,31.9026,32.4549,30.7646,24.4374,33.8958,26.8687,35.6504,29.3463,32.691,25.9455,28.1775,33.7236,27.4522,24.3026,30.1186,33.5988,32.5665,25.5078,28.9652,29.7922,29.3353,32.0763,27.4945,25.1174,39.9334,45.2015,43.5674,42.0291,35.9725,37.7583,40.2312,43.0426,41.1397,41.9377,40.3094,42.6809,37.7403,44.0826,38.3147,34.3333,36.6137,44.6793,36.0625,44.8497,34.7945